refs_001 580,234 630,214
refs_002 268,688 268,103
refs_003 81,11 83,157
refs_004 116,347 128,0
refs_005 131,30 141,316
refs_006 72,32 81,212
refs_007 155,12 169,212
refs_008 0,86 152,81
refs_009 113,0 118,311
refs_010 121,262 121,0
refs_011 114,5 128,281
refs_012 209,292 799,292
refs_013 112,319 112,0
refs_014 110,12 113,163
refs_015 139,178 147,277
refs_016 464,59 490,308
refs_017 164,88 171,499
refs_018 37,171 502,64
refs_019 120,28 129,288
refs_020 112,0 127,286
refs_021 119,0 124,287
refs_022 55,196 180,71
refs_023 70,85 94,140
refs_024 255,96 263,261
refs_025 304,831 316,173
refs_026 111,253 114,39
refs_027 304,122 322,468
refs_028 225,77 234,339
refs_029 297,0 303,334
refs_030 310,79 314,326
refs_031 75,245 75,57
refs_032 338,213 519,191
refs_033 178,117 211,388
refs_034 17,207 346,207
refs_035 271,331 271,4
refs_036 35,87 100,152
refs_037 224,220 397,220
refs_038 266,476 361,166
refs_039 96,457 98,293
refs_040 319,220 329,426
refs_041 309,0 316,376
refs_042 244,203 320,195
refs_043 293,599 305,259
refs_044 211,161 342,172
refs_045 448,380 448,58
refs_046 318,10 324,308
refs_047 61,182 639,192
refs_048 358,378 370,210
refs_049 299,61 324,355
refs_050 144,236 239,183
refs_051 319,469 326,57
refs_052 324,202 334,389
refs_053 320,57 333,422
refs_054 282,159 321,288
refs_055 348,237 592,220
refs_056 305,331 345,44
refs_057 237,639 237,0
refs_058 49,250 563,259
refs_059 324,592 324,14
refs_060 312,101 659,344
refs_061 188,0 204,317
refs_062 226,194 385,271
refs_063 448,241 449,160
refs_064 208,243 480,326
refs_065 319,315 375,210
refs_066 91,69 253,231
refs_067 160,559 300,419
refs_068 220,180 329,246
refs_069 186,218 240,220
refs_070 451,143 507,199
refs_071 328,235 400,220
refs_072 150,3 198,455
refs_073 160,189 165,348
refs_074 222,101 229,462
refs_075 263,90 274,411
refs_076 253,193 305,245
refs_077 328,77 357,419
refs_078 396,242 487,245
refs_079 244,357 260,124
refs_080 255,40 262,443
refs_081 220,600 280,176
refs_082 339,180 341,64
refs_083 336,385 364,58
refs_084 250,359 256,31
refs_085 284,0 298,384
refs_086 291,391 298,20
refs_087 343,403 357,5
refs_088 233,214 446,214
refs_089 11,237 639,226
refs_090 323,293 326,120
refs_091 136,184 176,639
refs_092 332,42 352,429
refs_093 250,375 431,3
refs_094 310,147 313,303
refs_095 306,249 309,92
refs_096 215,399 215,0
