refs_001 0,401 526,400
refs_002 269,99 290,686
refs_003 80,32 80,145
refs_004 120,0 120,354
refs_005 131,25 138,292
refs_006 74,17 78,194
refs_007 144,6 155,175
refs_008 0,80 160,80
refs_009 118,0 118,318
refs_010 113,60 122,283
refs_011 118,7 125,289
refs_012 0,292 800,292
refs_013 110,0 110,320
refs_014 108,13 113,107
refs_015 141,119 152,290
refs_016 392,189 340,316
refs_017 159,85 176,354
refs_018 255,0 255,340
refs_019 121,18 121,311
refs_020 118,0 118,355
refs_021 118,0 118,291
refs_022 99,49 99,221
refs_023 78,9 78,80
refs_024 250,85 250,272
refs_025 311,0 311,939
refs_026 104,301 115,12
refs_027 313,0 318,469
refs_028 220,0 220,340
refs_029 297,0 297,340
refs_030 313,140 313,296
refs_031 70,242 75,50
refs_032 206,189 514,184
refs_033 183,25 188,336
refs_034 0,205 425,205
refs_035 265,0 265,340
refs_036 78,18 81,157
refs_037 232,0 239,340
refs_038 301,508 313,158
refs_039 283,0 283,560
refs_040 326,36 326,390
refs_041 308,0 317,382
refs_042 271,156 278,266
refs_043 297,0 303,600
refs_044 324,30 330,393
refs_045 437,0 442,427
refs_046 320,0 320,427
refs_047 300,0 300,426
refs_048 339,81 368,428
refs_049 293,39 327,378
refs_050 269,56 327,250
refs_051 320,0 320,480
refs_052 320,190 320,400
refs_053 329,464 332,18
refs_054 266,135 320,283
refs_055 320,96 329,434
refs_056 284,640 337,0
refs_057 226,0 226,640
refs_058 318,0 318,419
refs_059 320,0 320,640
refs_060 1018,0 1018,1654
refs_061 184,0 216,640
refs_062 209,389 338,135
refs_063 317,62 317,389
refs_064 199,217 484,340
refs_065 253,319 504,0
refs_066 227,0 452,360
refs_067 33,270 419,380
refs_068 213,157 467,374
refs_069 344,68 344,293
refs_070 93,373 591,95
refs_071 261,163 335,349
refs_072 152,32 201,467
refs_073 120,256 378,256
refs_074 221,82 235,585
refs_075 257,41 275,392
refs_076 221,231 330,214
refs_077 320,0 356,427
refs_078 326,107 326,408
refs_079 245,364 254,105
refs_080 247,29 256,447
refs_081 217,624 295,108
refs_082 0,188 640,188
refs_083 341,395 364,55
refs_084 246,360 258,18
refs_085 292,0 292,428
refs_086 291,28 299,411
refs_087 345,0 345,427
refs_088 332,426 337,26
refs_089 0,234 640,216
refs_090 318,95 318,395
refs_091 407,61 441,640
refs_092 333,26 342,465
refs_093 237,388 423,0
refs_094 302,110 312,306
refs_095 301,85 301,298
refs_096 206,0 206,400
