527 800
800 533
160 160
354 236
317 290
213 148
213 320
160 160
319 236
354 236
289 236
583 800
320 220
229 200
359 304
556 845
500 301
340 510
314 236
354 236
291 236
260 194
160 160
333 500
939 626
320 213
469 626
340 453
340 595
402 626
252 168
443 600
500 375
340 425
340 510
160 160
340 476
551 626
560 560
626 626
382 615
474 640
600 600
422 640
427 640
427 640
426 640
457 640
426 640
365 640
480 640
400 640
542 640
427 640
480 640
640 640
640 453
419 640
640 640
1797 2048
640 427
427 640
399 640
512 640
369 640
360 640
640 541
480 640
427 640
427 640
554 640
640 401
425 640
640 519
427 640
395 640
427 640
480 640
480 640
640 528
641 512
343 640
529 640
360 640
428 640
427 640
427 640
426 640
453 640
426 640
640 640
640 640
408 640
427 640
430 640
400 400
