 2   2.05  3  11.88  117.0
 3   0.79  3   4.92   22.6
 4   1.98  3   4.03   69.4
 5    0.5  3  14.58   53.4
 6   1.57  3  16.51   35.4
 7   0.28  3  24.87   33.8
 8   1.88  3   5.32   30.4
 9   0.92  3    4.3   62.2
10   2.31  3  40.65   44.6
11   1.48  3   5.02   55.2
12    0.0  3  104.0  118.0
13    0.0  3   2.06   63.8
14    1.9  3  27.52   18.8
15   0.94  3  23.26   19.8
16  28.23  3  130.7   27.4
17   2.64  3   74.0   54.0
18  77.04  3  54.47   68.0
19   1.98  3   7.38   52.0
20    3.0  3  34.53   57.2
21    1.0  3   4.03   57.4
22  44.99  3  18.56   34.4
23  23.57  3  68.12   12.0
24   2.78  3    9.0   33.0
25   1.04  3  32.52  131.6
26   1.38  3  10.92   42.8
27   2.37  3  60.55   69.2
28   1.97  3  39.17   52.4
29   1.03  3   4.24   66.8
30   0.93  3  15.53   31.2
31   1.49  3   5.59   37.6
32    6.0  3  70.23   36.4
33   6.02  3  72.56   54.6
34    0.0  3  31.06   65.8
35    0.0  3    6.5   65.4
36  43.76  3  34.18   18.4
37  88.82  3  90.14   34.6
38  15.07  3  13.65   64.8
39   0.69  3 208.86   32.8
40   2.78  3 110.02   41.2
41   0.28  3    3.0   75.2
42  87.63  3  14.15   15.2
43   2.59  3  129.0   68.0
44  84.25  3  67.64   26.2
45   0.67  3  10.12   64.4
46   1.15  3  54.51   59.6
47  89.01  3  56.36   85.2
48   8.86  3  40.87   33.6
49   0.87  3   1.58   59.0
50  77.48  3 120.56   21.8
51   0.97  3  23.14   82.4
52   3.06  3   9.01   37.4
53   2.42  3   4.27   73.0
54   3.22  3  16.81   27.0
55  87.54  3 150.01   49.0
56    3.2  3 133.29   58.0
57    0.0  3  11.01  127.8
58   89.0  3  46.57   83.8
59    0.0  3  17.46  115.6
60   55.0  3 805.59   84.8
61   0.03  3 161.55   63.4
62  88.92  3  43.52   35.4
63    0.7  3 133.86   16.2
64   6.37  3    6.5   56.8
65  10.13  3 107.71   23.8
66  12.99  3 170.17   45.8
67  60.91  3 164.05   39.6
68   9.31  3  83.94   25.4
69  87.88  3 136.54   10.8
70  74.18  3 150.79   15.8
71  80.08  3  71.89   14.8
72   0.37  3  20.65   87.6
73   88.2  3   87.4   31.8
74   0.48  3  52.06   72.2
75   0.97  3  34.09   64.2
76  53.87  3   4.95   14.8
77   0.03  3  34.79   68.6
78  88.11  3 116.35   18.2
79   1.94  3    6.5   46.8
80   0.24  3   7.83   80.6
81   0.54  3   22.8   85.6
82  89.02  3  68.96   23.2
83   1.02  3    4.3   65.6
84   0.96  3   6.08   65.6
85   2.09  3  22.02   76.8
86   2.27  3  14.01   74.2
87   2.01  3  10.74   79.6
88  89.29  3   13.0   42.6
89   0.61  3    8.2  125.6
90   0.99  3  39.04   34.6
91   1.66  3 274.85   91.4
92   1.78  3  10.97   77.6
93   0.33  3  11.63   82.8
94   1.82  3  17.59   31.2
95   1.09  3  21.98   31.4
96    0.0  3   9.01   79.8
