 1   21.7  3 384.86  13.18
 2   2.05  3  11.88  13.33
 3   0.79  3   4.92    4.0
 4   1.98  3   4.03    5.9
 5    0.5  3  14.58   7.25
 6   1.57  3  16.51    3.7
 7   0.28  3  24.87   5.33
 8   1.88  3   5.32    4.0
 9   0.92  3    4.3    5.9
10   2.31  3  40.65    5.9
11   1.48  3   5.02    5.9
12    0.0  3  104.0  14.58
13    0.0  3   2.06    5.5
14    1.9  3  27.52    5.0
15   0.94  3  23.26    7.6
16  28.23  3  130.7   13.9
17   2.64  3   74.0   7.53
18  77.04  3  54.47    8.5
19   1.98  3   7.38    5.9
20    3.0  3  34.53    5.9
21    1.0  3   4.03    5.9
22  44.99  3  18.56   4.85
23  23.57  3  68.12    4.0
24   2.78  3    9.0   8.33
25   1.04  3  32.52  15.65
26   1.38  3  10.92   5.33
27   2.37  3  60.55  11.73
28   1.97  3  39.17    8.5
29   1.03  3   4.24    8.5
30   0.93  3  15.53  10.05
31   1.49  3   5.59    4.2
32    6.0  3  70.23  11.08
33   6.02  3  72.56   9.38
34    0.0  3  31.06    8.5
35    0.0  3    6.5    8.5
36  43.76  3  34.18    4.0
37  88.82  3  90.14    8.5
38  15.07  3  13.65  13.78
39   0.69  3 208.86   14.0
40   2.78  3 110.02  15.65
41   0.28  3    3.0   9.55
42  87.63  3  14.15  11.85
43   2.59  3  129.0   15.0
44  84.25  3  67.64  10.55
45   0.67  3  10.12  10.68
46   1.15  3  54.51  10.68
47  89.01  3  56.36  10.65
48   8.86  3  40.87  11.43
49   0.87  3   1.58  10.65
50  77.48  3 120.56   9.12
51   0.97  3  23.14   12.0
52   3.06  3   9.01   10.0
53   2.42  3   4.27  13.55
54   3.22  3  16.81  10.68
55  87.54  3 150.01   12.0
56    3.2  3 133.29   16.0
57    0.0  3  11.01  11.33
58   89.0  3  46.57  10.48
59    0.0  3  17.46   16.0
60   55.0  3 805.59  44.93
61   0.03  3 161.55  10.68
62  88.92  3  43.52  10.68
63    0.7  3 133.86   9.98
64   6.37  3    6.5   12.8
65  10.13  3 107.71   9.22
66  12.99  3 170.17    9.0
67  60.91  3 164.05  13.53
68   9.31  3  83.94   12.0
69  87.88  3 136.54  10.68
70  74.18  3 150.79  10.68
71  80.08  3  71.89  13.85
72   0.37  3  20.65  10.03
73   88.2  3   87.4  10.62
74   0.48  3  52.06  12.98
75   0.97  3  34.09  10.68
76  53.87  3   4.95   9.88
77   0.03  3  34.79  10.68
78  88.11  3 116.35   12.0
79   1.94  3    6.5   12.0
80   0.24  3   7.83   13.2
81   0.54  3   22.8   12.8
82  89.02  3  68.96   8.58
83   1.02  3    4.3  13.23
84   0.96  3   6.08    9.0
85   2.09  3  22.02   10.7
86   2.27  3  14.01  10.68
87   2.01  3  10.74  10.68
88  89.29  3   13.0  10.65
89   0.61  3    8.2  11.33
90   0.99  3  39.04  10.65
91   1.66  3 274.85   16.0
92   1.78  3  10.97   16.0
93   0.33  3  11.63   10.2
94   1.82  3  17.59  10.68
95   1.09  3  21.98  10.75
96    0.0  3   9.01   10.0
